1 15024.992 0.0017686047364135
2 15040.246 0.00204419623391172
3 15047.705 0.0053884460056407
4 15051.749 0.0103278718957166
5 15057.099 0.00235002998674808
6 15117.31 0.00394126274797364
7 15129.663 0.00393463131969715
8 15130.921 0.00371653361666288
9 15145.77 0.00452349385642063
10 15147.939 0.00442282755890397
11 15159.149 0.00455624339962523
12 15163.067 0.00274455210196237
13 15168.377 0.00394728766149044
14 15207.526 0.00564440986352702
15 15244.974 0.00378902459205464
16 15262.417 0.00494324590833136
17 15264.604 0.00430102906431951
18 15266.168 0.0050033864528154
19 15278.524 0.00489420581835812
20 15281.052 0.00435103652526788
21 15283.572 0.00411357002420167
22 15294.56 0.00960561994505913
23 15391.056 0.00589370759884151
24 15409.172 0.00495883157062122
25 15419.461 0.00418358434756599
26 15422.366 0.00382575176267071
27 15490.337 0.00431598151417837
28 15535.462 0.0048321049878893
29 15536.706 0.00473130324674399
30 15543.758 0.00399639308829179
31 15558.023 0.00647172625345011
32 15560.244 0.00489973588706676
33 15565.817 0.00304942222618151
34 15568.78 0.0050389737095029
35 15572.084 0.00506802864408894
36 15591.49 0.00582571917115893
37 15602.842 0.00666834401788496
38 15604.221 0.00293781413491176
39 15621.654 0.0109511832029159
40 15631.948 0.0115224087126991
41 15648.51 0.00266118441078767
42 15651.896 0.00425103928299926
43 15680.06 0.00309982060173849
44 15715.573 0.00484556037945505
45 15717.119 0.00431254241322371
46 15719.696 0.00436503185070784
47 15726.716 0.00426974475527458
48 15740.716 0.0178614516472531
49 15748.988 0.0124781933510145
50 15755.522 0.00508458891882559
51 15756.532 0.00519655787376088
52 15765.842 0.0112307413608599
53 15769.423 0.0095412153849853
54 15778.786 0.00559712707668869
55 15818.142 0.01224973145246
56 15868.524 0.00463489377167276
57 15884.899 0.0075098539222295
58 16042.716 0.00267961169758227
59 16052.765 0.00478337507491059
60 16055.464 0.00533543598642782
61 16061.7 0.00535265289873432
62 16065.054 0.00491079676862837
63 16069.524 0.00569786632794681
64 16125.899 0.0052356023335177
65 16150.763 0.0146675816894253
66 16157.364 0.0129042661443066
67 16190.132 0.00493848087621751
68 16197.075 0.0192935892074125
69 16247.882 0.00545161447276282
70 16251.66 0.00446044566142441
71 16255.019 0.00410373758493796
72 16260.155 0.00497556218411598
73 16316.32 0.00957228701694025
74 16346.185 0.00250300421723981
75 16347.489 0.00360559011713667
76 16352.218 0.00422993159565826
77 16354.582 0.00477405363683205
78 16368.135 0.00581630647307328
79 16394.389 0.00665364897916961
80 16401.509 0.000906138129789873
81 16448.054 0.00501401505811681
82 16450.375 0.00494021740064796
83 16456.037 0.00519802300077356
84 16534.581 0.00451659814467298
85 16605.459 0.00373364783570767
86 16607.516 0.00381087544328917
87 16635.158 0.00571642189244834
88 16649.949 0.00509427858729063
89 16654.651 0.00573641501066392
90 16655.986 0.00620059610649275
91 16680.77 0.00814536465891063
92 16704.357 0.00519675976216988
93 16714.362 0.00446608272143188
94 16718.957 0.00426954213633948
95 16728.396 0.00505342502140479
96 16729.784 0.00334640854214334
97 16750.564 0.00679421349706954
98 16763.359 0.0120633973718385
