1 15024.992 0.00778580213075744
2 15040.246 0.00757075080049728
3 15047.705 0.00954237913646327
4 15051.749 0.00373684274837229
5 15057.099 0.00338102719538646
6 15117.31 0.00102925560197086
7 15129.663 0.0049812360320614
8 15130.921 0.00361870270638605
9 15145.77 0.00280439748760748
10 15147.939 0.00222959275837979
11 15159.149 0.00113518231881683
12 15163.067 0.000374840236272467
13 15168.377 0.000504903514167164
14 15207.526 0.00350374043292411
15 15244.974 0.00113241279479525
16 15262.417 0.00191248340143796
17 15264.604 0.00355769291184981
18 15266.168 0.00280302293545308
19 15278.524 0.00184313095911681
20 15281.052 0.00346362140857845
21 15283.572 0.00380124793047141
22 15294.56 0.00919156384586041
23 15391.056 0.00292322844651274
24 15409.172 0.00415945542858055
25 15419.461 0.00249799906512513
26 15422.366 0.00469757974355544
27 15490.337 0.000268929367853716
28 15535.462 0.00233809759138676
29 15536.706 0.00184199686376743
30 15543.758 0.00127555082602623
31 15558.023 0.00129936592805844
32 15560.244 0.00154246233664937
33 15565.817 0.00353277953954953
34 15568.78 0.00206507993704032
35 15572.084 0.00187326145757656
36 15591.49 0.00333983745791613
37 15602.842 0.00106756984913894
38 15604.221 0.00118738345390809
39 15621.654 0.00613093126409897
40 15631.948 0.00630336002269173
41 15648.51 0.00086404314511754
42 15651.896 0.00204980198609328
43 15680.06 0.000723573759699537
44 15715.573 0.00145728930643393
45 15717.119 0.00198029180629091
46 15719.696 0.00164461259856206
47 15726.716 0.00112141330004536
48 15740.716 0.011831220968759
49 15748.988 0.0128273951240097
50 15755.522 0.000276585902143927
51 15756.532 0.000484315950529929
52 15765.842 0.0128185253867692
53 15769.423 0.0106182516373846
54 15778.786 0.000931298467820077
55 15818.142 0.00643769493561105
56 15868.524 0.00258807667333365
57 15884.899 0.000149666955433086
58 16042.716 0.000216879555697356
59 16052.765 0.00200664938909462
60 16055.464 0.00145072592638076
61 16061.7 0.0016232648458677
62 16065.054 0.00143098758666961
63 16069.524 0.00179782213452684
64 16125.899 0.00212409977989338
65 16150.763 0.0011161750928287
66 16157.364 0.00118513180706794
67 16190.132 0.0017407216756113
68 16197.075 0.00223934868908401
69 16247.882 0.0015285225878649
70 16251.66 0.00242588654442432
71 16255.019 0.00377224451145596
72 16260.155 0.00153887164666529
73 16316.32 0.00468792412431323
74 16346.185 0.00173497908871424
75 16347.489 0.00237291188900579
76 16352.218 0.00198498905984745
77 16354.582 0.00172322607267358
78 16368.135 0.00141833661882118
79 16394.389 0.00252155783369622
80 16401.509 0.00188029982757292
81 16448.054 0.00119860736995012
82 16450.375 0.00203358187918391
83 16456.037 0.00210987569371243
84 16534.581 0.00123225217330118
85 16605.459 0.00200834864187689
86 16607.516 0.00107862009161695
87 16635.158 0.000675582449915521
88 16649.949 0.00137745859420788
89 16654.651 0.000858425020198819
90 16655.986 0.00122169723128324
91 16680.77 0.00663234910603113
92 16704.357 0.00176658864075814
93 16714.362 0.000753673558417867
94 16718.957 0.00409818162119154
95 16728.396 0.000985232203629709
96 16729.784 0.0016278987495464
97 16750.564 0.00697586864971324
98 16763.359 0.00479416752385527
