1 15024.992 0.00793357426706319
2 15040.246 0.00848741877425345
3 15047.705 0.0120052995357968
4 15051.749 0.0188692110107447
5 15057.099 0.0202529052271225
6 15117.31 0.0097173192841766
7 15129.663 0.00630809108384932
8 15130.921 0.00568093535041656
9 15145.77 0.00709908861824228
10 15147.939 0.00659323611013581
11 15159.149 0.0137707928363431
12 15163.067 0.0429919235692893
13 15168.377 0.046549092008818
14 15207.526 0.0112686213625826
15 15244.974 0.00952422998588164
16 15262.417 0.0117755797864671
17 15264.604 0.00698441426105532
18 15266.168 0.00741124187239772
19 15278.524 0.00709268243404984
20 15281.052 0.00662343965175147
21 15283.572 0.00709881876229456
22 15294.56 0.0164572200803048
23 15391.056 0.00914072463174189
24 15409.172 0.00763059392018992
25 15419.461 0.00659653664738443
26 15422.366 0.00636151729652045
27 15490.337 0.00914962575078331
28 15535.462 0.00821327114321793
29 15536.706 0.00802500145343765
30 15543.758 0.0116244407028639
31 15558.023 0.0104533407295476
32 15560.244 0.00742418301784331
33 15565.817 0.00634680700439286
34 15568.78 0.00738375312298632
35 15572.084 0.00761129321662301
36 15591.49 0.0132131578581009
37 15602.842 0.0146601942862835
38 15604.221 0.00896343592411448
39 15621.654 0.0185503427828304
40 15631.948 0.019705588498732
41 15648.51 0.00781034080304915
42 15651.896 0.00718611833915643
43 15680.06 0.00885266982550984
44 15715.573 0.0128823555494025
45 15717.119 0.00775341582838213
46 15719.696 0.00668900490702099
47 15726.716 0.0069007072143297
48 15740.716 0.0275394172269563
49 15748.988 0.0196457001258718
50 15755.522 0.00968244246244556
51 15756.532 0.00985303073756116
52 15765.842 0.0181302157999426
53 15769.423 0.0222284753457447
54 15778.786 0.00956458223539494
55 15818.142 0.0212914263992291
56 15868.524 0.0107422050872245
57 15884.899 0.0126666972743003
58 16042.716 0.00933622440231499
59 16052.765 0.00722028567469055
60 16055.464 0.00794698514028222
61 16061.7 0.00814746394242894
62 16065.054 0.00755882438712744
63 16069.524 0.00954675299997647
64 16125.899 0.0146134162652208
65 16150.763 0.054667572357947
66 16157.364 0.0519667171845476
67 16190.132 0.00836506383374168
68 16197.075 0.0617560087941213
69 16247.882 0.00917948993367507
70 16251.66 0.00817677524167406
71 16255.019 0.00827222098642065
72 16260.155 0.00759530770301637
73 16316.32 0.019475239014981
74 16346.185 0.00442851258011728
75 16347.489 0.00630286524279562
76 16352.218 0.00758890654919289
77 16354.582 0.00704109329224776
78 16368.135 0.00919587723683846
79 16394.389 0.0163801660625601
80 16401.509 0.00350422706469425
81 16448.054 0.00748835379864208
82 16450.375 0.00748204827236086
83 16456.037 0.00807082400010356
84 16534.581 0.00659231667279125
85 16605.459 0.00662034886057239
86 16607.516 0.00791584322383345
87 16635.158 0.0136457225604616
88 16649.949 0.00867157959203139
89 16654.651 0.00943232283252647
90 16655.986 0.00921153978268017
91 16680.77 0.0128672029907918
92 16704.357 0.00847440243891578
93 16714.362 0.00997049921516117
94 16718.957 0.0143241591793747
95 16728.396 0.0102700936491081
96 16729.784 0.00674487031247629
97 16750.564 0.0146958443713231
98 16763.359 0.0261335754596567
