Species Central_Line  RV       Min_Fit    Max_Fit
Fe	15051.749	-115.6	15051.00	15052.30
Fe	15207.526	-113.5	15206.70	15208.40
Fe	15244.974	-113.3	15244.25	15245.60
Fe	15294.560	-113.5	15293.70	15295.25
Fe	15490.337	-113.7	15490.00	15490.80
Fe	15591.490	-113.7	15590.70	15592.30
Fe	15604.221	-113.6	15603.55	15604.95
Fe	15621.654	-113.2	15620.95	15622.60
Fe	15631.948	-113.1	15631.25	15632.55
Fe	15648.510	-113.5	15647.90	15649.10
Fe	15769.423	-113.2	15768.70	15770.10
Fe	15818.142	-113.5	15817.30	15818.90
Fe	15868.524	-113.6	15867.80	15869.40
Fe	16042.716	-113.9	16042.15	16043.40
Fe	16125.899	-113.2	16125.35	16126.65
Fe	16316.320	-112.8	16315.35	16317.20
Fe	16394.389	-113.2	16393.75	16394.85