Species Central_Line  RV       Min_Fit    Max_Fit
OH	15129.663	-112.8	15129.3	15130.1
OH	15130.921	-113.2	15130.5	15131.4
OH	15145.77	-113.5	15145.35	15146.15
OH	15147.939	-114.1	15147.5	15148.25
OH	15264.604	-113.9	15264.2	15265.15
OH	15266.168	-113.6	15265.8	15266.5
OH	15278.524	-113.4	15278.15	15278.9
OH	15281.052	-113.6	15280.65	15281.45
OH	15283.572	-113.5	15283.2	15284.05
OH	15391.056	-113.3	15390.7	15391.6
OH	15409.172	-113.7	15408.8	15409.55
OH	15419.461	-113.7	15418.9	15419.85
OH	15422.366	-114.1	15421.8	15422.75
OH	15535.462	-113.8	15535.1	15535.8
OH	15536.706	-113.7	15536.4	15537.1
OH	15558.023	-113.5	15557.6	15558.45
OH	15560.244	-114.3	15559.8	15560.6
OH	15565.817	-113.8	15565.5	15566.4
OH	15568.78	-113.7	15568.4	15569.2
OH	15572.084	-113.7	15571.7	15572.5
OH	15651.896	-113.7	15651.4	15652.3
OH	15717.119	-114.6	15716.65	15717.6
OH	15719.696	-113.7	15719.2	15720.1
OH	15726.716	-113.5	15726.2	15727.2
OH	15755.522	-113.1	15755.15	15755.95
OH	15756.532	-113.5	15756.15	15756.95
OH	15778.786	-113.7	15778.3	15779.2
OH	15884.899	-113.6	15884.5	15885.35
OH	16052.765	-113.7	16052.35	16053.2
OH	16055.464	-113.7	16055.05	16055.85
OH	16061.7	-114	16061.25	16062.1
OH	16065.054	-113.6	16064.65	16065.5
OH	16069.524	-113.8	16069.05	16069.95
OH	16190.132	-113.6	16189.65	16190.70
OH	16247.882	-113.5	16247.45	16248.30
OH	16251.660	-114.0	16251.20	16252.10
OH	16255.019	-113.8	16254.30	16255.40
OH	16260.155	-113.9	16259.70	16260.65
OH	16346.185	-113.6	16345.60	16346.70
OH	16347.489	-113.7	16347.10	16347.85
OH	16352.218	-113.5	16351.70	16352.75
OH	16354.582	-113.2	16354.10	16355.00
OH	16368.135	-113.8	16367.85	16368.65
OH	16448.054	-113.4	16447.60	16448.50
OH	16450.375	-113.5	16449.95	16450.85
OH	16456.037	-113.5	16455.65	16456.60
OH	16534.581	-113.5	16534.10	16535.05
OH	16605.459	-113.7	16605.10	16605.90
OH	16607.516	-113.6	16607.20	16608.00
OH	16649.949	-113.2	16649.50	16650.40
OH	16654.651	-113.5	16654.25	16655.15
OH	16655.986	-113.2	16655.65	16656.35
OH	16704.357	-113.5	16703.95	16705.00
OH	16714.362	-113.8	16713.95	16714.80
OH	16728.396	-113.6	16728.05	16728.80
OH	16729.784	-113.6	16729.45	16730.30



























